3676160
3676160
3676160
3676160
3676160
4202512
4202512
4202512
4726800
5779472
5253136
5253136
5255184
5255184
4730896
4204560
3676160
3676160
3676160
3676160
3676160
4202512
4202512
4202512
4726800
5779472
5253136
5253136
5255184
5255184
4730896
4204560
3676160
3676160
3676160
4202512
4202512
4202512
4728848
4728848
4728848
5779472
5255184
5255184
5255184
5255184
5255200
4728848
4202512
4202512
4202512
4202512
4728848
4728848
4728848
5253136
5255184
6305808
5779472
5779472
5779472
5781536
5255200
4730912
4202512
4202512
4202512
4204560
4728848
4728848
5255184
5255200
5255184
6305824
6305824
6305824
5781536
5781536
5781536
5255200
4202512
4202512
4202512
4204560
4728848
4728848
5255184
5255200
5255184
6305824
6830112
6305824
6305824
5781536
5779488
5257248
4202512
4202512
4204560
4728848
4728848
4728848
5255200
5255200
5779472
6830112
6830112
6830112
6305824
5779488
5779488
5781536
4728848
4728848
4728848
4730912
5255200
5255200
5781536
5781536
5781536
6830112
6830112
6830112
6305824
5779472
5255184
5779488
4730912
4730912
4730912
5255200
5257248
5781536
5781536
6305824
6305824
6830112
6830112
6830112
6303776
5779472
5253136
5779488
4728864
4728864
4730912
4730912
5255200
5255200
5257248
5781536
5781536
5779472
6303760
6303760
5779472
5253136
5253136
5779488
4204576
4204576
4204576
4730912
4730912
5255200
5781536
5781536
6305824
6305824
6305808
6305808
5779472
5779472
5255200
5779488
4204560
4204560
4204560
4728848
4730912
5255200
5781536
5781536
6305824
6832160
6830112
6303760
5779472
5779488
5779488
5255200
4204560
4204560
4204560
4730896
4730912
5255200
5781536
5781536
6305824
7358496
6832160
5779472
5779472
5781536
5781536
5255200
4204560
4204560
4204560
4730912
4730912
5255200
5781536
5781536
6305824
6834208
6832160
5781520
5779472
5781536
5781536
5255200
4206624
4206624
4730912
4730912
4730912
5255200
5255200
5781536
5781536
6307872
6305824
5779472
5255184
5255184
5255200
5255200
4730912
4730912
4730912
4730912
4730912
5255200
5255200
5255184
5255184
5779472
5779472
5779472
5255184
4730896
4730896
4730912